3 64 224 7 3 2 
64 256 74 1 0 1 
64 64 74 1 0 1 
64 64 74 3 1 1 
64 256 74 1 0 1 
256 64 74 1 0 1 
64 64 74 3 1 1 
64 256 74 1 0 1 
256 64 74 1 0 1 
64 64 74 3 1 1 
64 256 74 1 0 1 
256 512 37 1 0 2 
256 128 18 1 0 2 
128 128 18 3 1 1 
128 512 18 1 0 1 
512 128 18 1 0 1 
128 128 18 3 1 1 
128 512 18 1 0 1 
512 128 18 1 0 1 
128 128 18 3 1 1 
128 512 18 1 0 1 
512 128 18 1 0 1 
128 128 18 3 1 1 
128 512 18 1 0 1 
512 1024 9 1 0 2 
512 256 4 1 0 2 
256 256 4 3 1 1 
256 1024 4 1 0 1 
1024 256 4 1 0 1 
256 256 4 3 1 1 
256 1024 4 1 0 1 
1024 256 4 1 0 1 
256 256 4 3 1 1 
256 1024 4 1 0 1 
1024 256 4 1 0 1 
256 256 4 3 1 1 
256 1024 4 1 0 1 
1024 256 4 1 0 1 
256 256 4 3 1 1 
256 1024 4 1 0 1 
1024 256 4 1 0 1 
256 256 4 3 1 1 
256 1024 4 1 0 1 
1024 2048 2 1 0 2 
1024 512 1 1 0 2 
512 512 1 3 1 1 
512 2048 1 1 0 1 
2048 512 1 1 0 1 
512 512 1 3 1 1 
512 2048 1 1 0 1 
2048 512 1 1 0 1 
512 512 1 3 1 1 
512 2048 1 1 0 1 
